1
1
1
1
1
1
1
1
1
1
1
1
0.997076023391813
1.0233918128655
1.28070175438596
0.976608187134503
1.42982456140351
1
1.19883040935673
1.03508771929825
1
1
1
0.997076023391813
1.05847953216374
1
1
1
1
1.00584795321637
1
1
1
1.0233918128655
1.04385964912281
1
1
1.4327485380117
1
1
1.22222222222222
1.26023391812866
1
1
1
1
1
1.04970760233918
1
0.97953216374269
1.27485380116959
1
1
1
1
1.00292397660819
1.06140350877193
1
1
1
1
1
1
1
1
1.15204678362573
1
1
1
1.03216374269006
0.982456140350877
1
1
1
1
1
1.06432748538012
1
1.04093567251462
1.00584795321637
1
1
1
1.08479532163743
1
1
1.00877192982456
1
1.04678362573099
1.00877192982456
0.976608187134503
1
1.00584795321637
1
1.12280701754386
1.38011695906433
1.33918128654971
1.10526315789474
1
1.00584795321637
