39.8642533936652
1
1
1
1
1
2.36425339366516
1.53393665158371
1.48868778280543
1.10407239819005
1.17647058823529
1
1
0.997737556561086
1
100
1
1
14.5610859728507
1
1
1.1447963800905
1.00226244343891
1.00226244343891
1.01131221719457
1
1
1.00226244343891
1.01131221719457
1.00904977375566
1.7737556561086
5.54751131221719
1.79864253393665
1
1
1
9.34615384615385
100
1
2.19683257918552
3.13574660633484
1
1
1.22398190045249
1
7.66742081447964
13.2669683257919
5.47511312217195
2.40045248868778
4.16742081447964
1
2.08371040723982
1
1
1
36.5384615384615
1.5316742081448
1
1
1
1
1
4.40950226244344
1
1
1.63122171945701
0.995475113122172
0.979638009049774
1
1
1
1
1.00226244343891
1
1.01809954751131
1
1.4185520361991
1
1
1.07692307692308
1
1
1.09276018099548
1.00678733031674
2.76018099547511
2.06108597285068
1.05203619909502
0.995475113122172
1
20.9185520361991
1
100
1
1
2.2579185520362
1
0.997737556561086
2.30995475113122
1.02036199095023
4.43665158371041
