1
1
1
1
1
1
1
1
1
1
1.33333333333333
1
1
1
1
1
1
1.33333333333333
1
1
1
1
1
1
1
1
1.33333333333333
1
1
1
1
1
1
1
1.66666666666667
1.33333333333333
1
1
1
1
1.66666666666667
1
1
1.66666666666667
1.66666666666667
1
1
1
1
1
1.33333333333333
1
1
1
1
1
1
1
1
1.33333333333333
1
1.33333333333333
1
1
1.33333333333333
1
1
1.66666666666667
1
1
1
1.33333333333333
1
1
1
1
1
1
1
1.33333333333333
1.66666666666667
1
1
1
1
1
1
1
1
1
1
1
1
1
1.66666666666667
1
1
1
1
1
